Please Enter Integer >= 3: 6
_______________________________________________________________
_______________________________________________________________
The content of the first matrix is:
        1          2          3          4          5          6
        7          8          9         10         11         12
       13         14         15         16         17         18
       19         20         21         22         23         24
       25         26         27         28         29         30
       31         32         33         34         35         36

---------------------------------------------------------------
---------------------------------------------------------------
The content of the second matrix is:
       10        200         30         40         50         60
       70         80         90        100        110        120
      130        140        150        160        170        180
      190        200        210         22        230        240
      250        260        270         28        290        300
      310        320        330         34        350        360

---------------------------------------------------------------
---------------------------------------------------------------
The product of the two matrices is:
   4410.0     4800.0     4830.0     1152.0     5250.0     5460.0
  10170.0    12000.0    11310.0     3456.0    12450.0    13020.0
  15930.0    19200.0    17790.0     5760.0    19650.0    20580.0
  21690.0    26400.0    24270.0     8064.0    26850.0    28140.0
  27450.0    33600.0    30750.0    10368.0    34050.0    35700.0
  33210.0    40800.0    37230.0    12672.0    41250.0    43260.0

---------------------------------------------------------------
---------------------------------------------------------------
The dot-product of the two matrices is:
     10.0      400.0       90.0      160.0      250.0      360.0
    490.0      640.0      810.0     1000.0     1210.0     1440.0
   1690.0     1960.0     2250.0     2560.0     2890.0     3240.0
   3610.0     4000.0     4410.0      484.0     5290.0     5760.0
   6250.0     6760.0     7290.0      784.0     8410.0     9000.0
   9610.0    10240.0    10890.0     1156.0    12250.0    12960.0

---------------------------------------------------------------
---------------------------------------------------------------
The result of matrix1 divided by matrix2 is:
      0.1       0.01        0.1        0.1        0.1        0.1
      0.1        0.1        0.1        0.1        0.1        0.1
      0.1        0.1        0.1        0.1        0.1        0.1
      0.1        0.1        0.1        1.0        0.1        0.1
      0.1        0.1        0.1        1.0        0.1        0.1
      0.1        0.1        0.1        1.0        0.1        0.1

---------------------------------------------------------------
---------------------------------------------------------------
The transpose of the first matrix is:
        1          7         13         19         25         31
        2          8         14         20         26         32
        3          9         15         21         27         33
        4         10         16         22         28         34
        5         11         17         23         29         35
        6         12         18         24         30         36

---------------------------------------------------------------
---------------------------------------------------------------
The transpose of the second matrix is:
       10         70        130        190        250        310
      200         80        140        200        260        320
       30         90        150        210        270        330
       40        100        160         22         28         34
       50        110        170        230        290        350
       60        120        180        240        300        360

---------------------------------------------------------------
---------------------------------------------------------------
The dot product of the transpose of the two matrices is:
   5670.0    10170.0    15930.0    17928.0    22662.0    27396.0
   6060.0    10740.0    16860.0    19020.0    24060.0    29100.0
   6450.0    11310.0    17790.0    20112.0    25458.0    30804.0
   6840.0    11880.0    18720.0    21204.0    26856.0    32508.0
   7230.0    12450.0    19650.0    22296.0    28254.0    34212.0
   7620.0    13020.0    20580.0    23388.0    29652.0    35916.0

---------------------------------------------------------------
---------------------------------------------------------------
The result of matrix1 divided by matrix2 is:
     10.0      490.0     1690.0     3610.0     6250.0     9610.0
    400.0      640.0     1960.0     4000.0     6760.0    10240.0
     90.0      810.0     2250.0     4410.0     7290.0    10890.0
    160.0     1000.0     2560.0      484.0      784.0     1156.0
    250.0     1210.0     2890.0     5290.0     8410.0    12250.0
    360.0     1440.0     3240.0     5760.0     9000.0    12960.0

---------------------------------------------------------------
---------------------------------------------------------------
The result of matrix1 divided by matrix2 is:
      0.1        0.1        0.1        0.1        0.1        0.1
     0.01        0.1        0.1        0.1        0.1        0.1
      0.1        0.1        0.1        0.1        0.1        0.1
      0.1        0.1        0.1        1.0        1.0        1.0
      0.1        0.1        0.1        0.1        0.1        0.1
      0.1        0.1        0.1        0.1        0.1        0.1

-----------------------End Program-----------------------------


SECOND RUN AFTER ALTERING TABLE 2

Please Enter Integer >= 3: 6
_______________________________________________________________
_______________________________________________________________
The content of the first matrix is:
        1          2          3          4          5          6
        7          8          9         10         11         12
       13         14         15         16         17         18
       19         20         21         22         23         24
       25         26         27         28         29         30
       31         32         33         34         35         36

---------------------------------------------------------------
---------------------------------------------------------------
The content of the second matrix is:
       10        200         30         40         50         60
       70         80         90        100        110        120
      130        140        150        160        170        180
      190        200          0         22        230        240
      250        260        270         28        290        300
        0        320        330         34        350        360

---------------------------------------------------------------
---------------------------------------------------------------
The product of the two matrices is:
   2550.0     4800.0     3990.0     1152.0     5250.0     5460.0
   6450.0    12000.0     9210.0     3456.0    12450.0    13020.0
  10350.0    19200.0    14430.0     5760.0    19650.0    20580.0
  14250.0    26400.0    19650.0     8064.0    26850.0    28140.0
  18150.0    33600.0    24870.0    10368.0    34050.0    35700.0
  22050.0    40800.0    30090.0    12672.0    41250.0    43260.0

---------------------------------------------------------------
---------------------------------------------------------------
The dot-product of the two matrices is:
     10.0      400.0       90.0      160.0      250.0      360.0
    490.0      640.0      810.0     1000.0     1210.0     1440.0
   1690.0     1960.0     2250.0     2560.0     2890.0     3240.0
   3610.0     4000.0        0.0      484.0     5290.0     5760.0
   6250.0     6760.0     7290.0      784.0     8410.0     9000.0
      0.0    10240.0    10890.0     1156.0    12250.0    12960.0

---------------------------------------------------------------
---------------------------------------------------------------
The result of matrix1 divided by matrix2 is:
      0.1       0.01        0.1        0.1        0.1        0.1
      0.1        0.1        0.1        0.1        0.1        0.1
      0.1        0.1        0.1        0.1        0.1        0.1
      0.1        0.1  undefined        1.0        0.1        0.1
      0.1        0.1        0.1        1.0        0.1        0.1
undefined        0.1        0.1        1.0        0.1        0.1

---------------------------------------------------------------
---------------------------------------------------------------
The transpose of the first matrix is:
        1          7         13         19         25         31
        2          8         14         20         26         32
        3          9         15         21         27         33
        4         10         16         22         28         34
        5         11         17         23         29         35
        6         12         18         24         30         36

---------------------------------------------------------------
---------------------------------------------------------------
The transpose of the second matrix is:
       10         70        130        190        250          0
      200         80        140        200        260        320
       30         90        150          0        270        330
       40        100        160         22         28         34
       50        110        170        230        290        350
       60        120        180        240        300        360

---------------------------------------------------------------
---------------------------------------------------------------
The dot product of the transpose of the two matrices is:
   5670.0    10170.0    15930.0    15198.0    22662.0    27086.0
   6060.0    10740.0    16860.0    16080.0    24060.0    28480.0 
   6450.0    11310.0    17790.0    16962.0    25458.0    29874.0
   6840.0    11880.0    18720.0    17844.0    26856.0    31268.0
   7230.0    12450.0    19650.0    18726.0    28254.0    32662.0
   7620.0    13020.0    20580.0    19608.0    29652.0    34056.0

---------------------------------------------------------------
---------------------------------------------------------------
The result of matrix1 divided by matrix2 is:
     10.0      490.0     1690.0     3610.0     6250.0        0.0
    400.0      640.0     1960.0     4000.0     6760.0    10240.0
     90.0      810.0     2250.0        0.0     7290.0    10890.0
    160.0     1000.0     2560.0      484.0      784.0     1156.0
    250.0     1210.0     2890.0     5290.0     8410.0    12250.0
    360.0     1440.0     3240.0     5760.0     9000.0    12960.0

---------------------------------------------------------------
---------------------------------------------------------------
The result of matrix1 divided by matrix2 is:
      0.1        0.1        0.1        0.1        0.1  undefined
     0.01        0.1        0.1        0.1        0.1        0.1
      0.1        0.1        0.1  undefined        0.1        0.1
      0.1        0.1        0.1        1.0        1.0        1.0
      0.1        0.1        0.1        0.1        0.1        0.1
      0.1        0.1        0.1        0.1        0.1        0.1

-----------------------End Program-----------------------------
